120
125 
102 28 
67 58 35 
125 38 29 62 
78 79 50 43 58 
72 63 53 31 83 74 
46 84 58 27 79 36 49 
100 25 21 35 48 66 39 62 
110 109 84 86 76 42 117 76 103 
113 17 30 49 51 79 47 76 14 114 
175 63 74 110 51 107 125 130 85 116 81 
157 106 122 120 144 163 93 143 101 203 93 160 
63 108 99 70 128 108 46 73 85 149 92 171 98 
36 133 116 81 143 106 70 70 107 143 118 190 137 39 
19 107 85 49 110 69 53 33 82 106 94 159 140 51 37 
99 94 96 78 124 122 47 94 76 164 77 157 59 39 78 83 
92 133 128 102 157 141 74 107 111 183 115 196 92 33 59 83 43 
100 146 142 115 171 154 88 119 125 195 129 210 99 46 66 93 55 13 
98 108 108 88 137 130 57 100 89 173 91 171 66 35 73 84 14 29 41 
143 18 45 76 44 94 81 102 43 120 33 50 110 125 151 125 108 148 161 122 
77 134 125 96 155 133 72 97 111 173 117 197 106 26 43 70 52 17 23 40 150 
99 32 33 38 60 75 32 65 12 113 15 95 89 76 102 80 64 101 115 78 49 102 
29 99 74 41 96 49 56 16 76 85 90 146 149 69 57 21 96 102 113 100 117 90 78 
114 156 153 128 183 167 100 132 136 208 139 220 100 59 79 107 63 26 13 48 171 37 125 126 
58 68 43 11 67 37 38 16 46 79 60 117 130 72 77 43 85 105 118 93 86 97 49 31 131 
116 32 18 52 10 54 72 71 38 78 42 58 135 118 133 101 114 147 161 126 42 144 50 87 172 58 
39 111 95 61 123 92 48 56 85 132 95 169 120 24 22 28 61 55 65 59 129 42 80 48 79 59 113 
20 117 97 62 123 85 58 48 92 121 103 172 138 43 21 15 79 72 81 78 136 57 88 36 94 57 114 18 
26 122 103 68 130 93 61 56 97 129 108 178 136 39 13 23 77 66 74 75 140 51 93 44 88 64 121 16 8 
87 158 148 117 178 151 95 115 134 191 141 220 124 49 50 85 74 32 27 61 174 24 126 106 34 117 167 59 70 62 
27 117 98 63 125 89 56 53 91 127 102 173 132 36 17 21 73 64 74 71 135 50 87 42 87 59 116 12 7 5 64 
149 184 185 162 214 202 133 168 166 244 167 247 109 94 114 143 90 61 49 77 197 73 155 162 36 165 203 115 130 123 65 123 
55 69 46 11 72 45 31 18 45 87 59 121 124 64 71 38 78 97 110 86 87 89 47 31 123 8 62 52 51 58 110 53 157 
97 96 70 69 66 26 100 61 88 16 100 110 187 133 129 92 148 167 179 157 108 158 98 71 193 63 66 117 107 115 176 112 228 71 
90 79 52 52 53 11 83 48 70 34 82 100 169 119 118 81 131 152 165 140 92 144 80 61 178 47 50 104 96 104 163 101 213 55 18 
125 78 58 77 40 46 106 81 80 41 87 75 180 147 151 114 152 179 192 163 84 173 92 95 205 76 45 135 130 138 194 134 239 83 37 35 
71 57 44 21 74 65 10 43 32 107 43 117 100 54 75 52 57 84 98 67 76 81 28 52 110 30 63 53 60 64 104 59 143 24 91 73 96 
150 68 62 92 33 74 115 104 81 74 83 42 174 160 172 137 157 190 204 170 67 187 93 120 215 94 43 153 151 158 209 154 247 101 70 65 33 106 
51 76 58 24 85 61 22 30 51 103 62 132 114 47 57 32 63 80 93 70 94 72 48 34 106 25 76 37 41 46 93 41 140 17 87 72 100 20 116 
79 78 74 53 103 96 22 68 56 138 61 141 78 32 67 61 25 55 68 35 94 56 46 71 79 59 92 46 61 62 80 57 111 52 122 105 128 32 136 38 
94 85 86 69 114 112 38 85 66 155 68 148 62 38 77 77 10 49 62 23 99 55 55 88 71 76 104 58 75 74 79 69 100 69 138 121 142 47 147 55 17 
119 138 139 118 168 160 88 128 120 202 121 201 73 56 87 108 43 28 28 31 151 45 108 125 26 123 157 80 98 93 55 91 46 115 186 170 194 98 201 99 66 53 
77 100 95 70 124 111 41 79 78 153 83 163 82 16 55 62 23 33 47 21 116 34 68 78 58 74 114 38 57 54 58 50 92 66 137 121 147 51 157 50 21 22 49 
45 109 95 62 124 96 46 60 84 136 94 169 114 18 25 34 55 49 60 53 127 37 78 53 73 61 114 6 25 22 56 18 109 54 121 107 138 52 154 38 41 52 74 32 
89 104 102 79 131 122 50 90 84 164 87 168 73 26 65 74 15 29 42 9 119 36 73 90 52 85 121 50 68 65 59 62 83 77 148 132 156 60 164 61 28 20 38 12 43 
69 66 38 21 56 22 52 23 48 64 61 107 141 88 91 56 100 121 134 108 83 113 55 39 147 16 48 75 70 78 133 74 181 24 48 31 60 42 81 41 74 90 138 90 77 100 
83 56 27 28 42 23 57 37 42 61 55 93 141 97 104 69 105 130 143 115 72 123 52 54 156 27 35 87 84 91 145 87 190 34 46 27 49 47 67 51 80 95 145 98 89 107 14 
107 91 95 81 123 125 51 99 75 167 73 153 49 49 88 91 10 51 63 22 103 61 63 102 69 89 113 70 88 87 83 82 94 82 151 133 152 60 156 69 31 14 47 33 65 25 103 107 
89 96 94 73 123 117 43 86 76 159 78 159 69 29 68 74 10 37 50 14 111 43 65 87 60 80 113 51 69 67 67 63 90 72 143 126 149 53 156 56 21 12 45 13 45 8 94 101 20 
119 29 46 59 66 93 49 86 27 130 15 90 77 89 119 100 68 109 122 82 39 113 21 99 131 70 58 97 107 111 137 105 157 68 115 97 103 48 97 68 57 60 111 78 94 80 75 70 63 71 
133 172 171 147 200 186 118 152 153 228 155 236 105 78 97 126 78 45 33 64 186 56 142 146 19 150 190 98 114 107 50 107 16 142 212 197 224 128 233 125 97 87 35 77 93 69 166 175 83 77 146 
127 24 25 61 14 67 76 82 38 90 39 49 130 123 141 110 114 150 164 128 30 149 50 98 175 68 13 120 123 129 172 124 205 72 79 63 55 68 44 83 95 105 158 117 120 123 60 47 112 114 53 192 
55 86 58 34 74 23 62 15 66 61 81 125 155 88 83 46 108 122 134 114 103 112 72 26 147 24 67 71 62 70 130 67 183 30 46 34 69 54 95 44 82 99 143 94 75 105 20 32 113 101 93 167 79 
74 72 43 34 55 9 65 30 57 51 71 106 153 100 100 63 113 133 146 121 88 125 66 45 159 28 49 85 79 87 144 83 194 36 35 19 50 55 75 53 87 103 151 102 88 113 13 16 116 107 85 178 62 19 
71 77 69 45 99 88 16 59 54 130 60 140 87 31 61 53 34 58 72 42 94 56 45 62 84 51 88 39 54 55 80 50 117 43 114 97 122 26 131 29 9 26 72 25 36 34 66 73 40 28 59 102 92 73 79 
132 63 50 76 24 56 102 87 70 60 75 56 168 146 155 120 146 176 190 158 67 172 82 102 202 78 32 137 134 142 194 137 234 85 54 47 19 92 17 100 123 136 189 143 139 151 64 50 145 144 90 220 39 77 57 118 
139 162 164 143 192 185 113 152 144 227 144 224 85 79 106 130 68 47 40 56 174 63 133 149 29 148 182 102 119 113 64 112 24 140 211 195 219 123 225 123 91 78 25 73 96 63 163 171 71 70 134 21 183 167 176 97 214 
34 139 121 86 148 108 78 72 114 143 125 196 146 48 9 39 87 67 72 82 158 50 110 59 85 81 138 30 24 17 55 22 119 75 130 120 154 82 176 64 75 86 95 64 34 73 95 108 97 77 127 103 147 85 103 70 159 113 
34 90 67 32 91 52 44 16 66 92 80 141 136 58 54 18 83 92 103 87 109 81 67 13 117 24 83 40 33 40 99 37 153 21 77 64 97 40 118 21 58 75 114 66 44 78 37 51 89 75 88 137 92 31 46 49 101 138 57 
17 111 90 55 115 75 55 39 86 112 98 165 139 48 30 6 81 78 88 82 130 65 84 27 102 48 106 23 9 17 79 15 138 44 98 87 121 55 143 35 61 76 104 60 30 72 62 75 90 72 103 121 116 52 70 53 126 126 33 24 
120 82 60 76 45 42 105 77 81 34 90 82 182 145 148 111 152 178 191 163 89 171 93 91 204 73 49 132 126 134 191 130 238 81 30 30 7 95 40 98 127 142 193 146 135 155 57 48 153 148 106 223 59 65 47 121 26 218 150 93 117 
131 50 40 71 12 59 94 85 60 71 63 48 156 139 151 117 136 169 182 148 53 165 72 101 194 74 22 132 131 138 188 134 225 80 63 52 31 84 21 95 114 126 179 135 133 142 62 48 135 135 78 212 25 78 58 110 13 204 156 99 123 37 
143 29 41 77 26 83 90 99 51 102 47 34 132 136 157 127 124 162 175 138 23 162 60 115 186 85 29 135 139 145 186 140 214 88 92 79 64 83 44 99 107 115 168 129 135 134 77 64 120 125 58 202 17 96 79 105 45 191 163 109 132 70 32 
122 129 133 114 161 157 83 127 113 200 112 192 61 58 93 109 37 36 39 26 141 52 101 126 38 120 151 83 101 97 66 94 55 112 184 167 189 93 194 97 61 47 12 48 77 36 135 141 38 40 102 46 151 141 148 69 183 32 101 114 106 189 173 159 
84 151 142 111 171 146 89 110 127 186 134 213 118 42 47 80 67 26 23 55 167 17 119 101 33 111 161 54 66 58 7 59 66 104 171 157 188 97 203 87 73 72 50 51 50 52 127 138 76 60 130 50 166 125 139 73 188 62 53 94 74 185 181 179 61 
129 78 60 80 39 51 109 85 81 45 88 71 181 150 155 119 154 182 196 166 83 176 93 100 208 80 46 139 134 142 197 138 242 87 42 40 5 99 29 104 131 144 197 150 141 159 64 52 155 152 104 227 54 74 55 125 17 222 158 101 125 11 30 62 191 191 
137 145 150 132 178 175 101 144 130 217 128 207 66 74 107 126 54 47 45 44 156 64 118 143 40 138 168 99 117 112 72 110 44 130 201 184 206 111 211 114 79 64 19 65 92 53 153 159 55 58 117 39 167 159 166 86 200 19 114 131 122 206 190 175 17 69 209 
116 125 128 108 156 151 78 120 108 194 108 188 63 52 87 103 32 31 36 20 138 47 96 119 38 114 146 77 95 91 62 88 59 106 178 161 183 88 189 91 55 42 13 41 70 29 129 136 35 34 98 48 146 135 142 63 178 36 95 108 100 183 168 155 6 57 186 23 
49 77 52 20 75 39 42 7 55 80 69 126 135 69 70 34 87 102 115 94 96 94 57 21 128 9 67 54 49 56 113 52 164 11 64 50 81 35 102 24 61 78 123 74 57 85 21 35 92 80 79 148 77 20 31 53 85 147 73 16 40 78 82 94 121 107 85 138 115 
64 70 42 21 61 23 51 18 50 66 65 112 142 85 87 51 98 118 131 107 87 110 57 34 144 13 53 71 66 73 130 69 179 21 50 34 64 42 86 38 73 89 136 87 73 98 5 19 102 93 77 163 65 16 15 64 68 161 90 33 57 61 67 82 134 124 68 151 128 17 
54 76 60 27 88 67 18 36 51 109 62 134 109 42 56 35 58 75 88 64 94 68 47 39 101 30 78 35 41 46 90 40 135 22 93 77 104 18 119 5 32 49 93 44 35 55 46 55 63 51 66 120 85 50 58 23 104 118 63 26 37 103 98 100 91 83 108 109 85 29 43 
124 59 43 68 21 49 94 79 64 57 70 60 163 138 147 112 139 169 182 151 65 164 76 94 195 70 27 129 126 134 186 129 227 76 50 40 19 84 25 92 116 129 182 136 131 144 56 42 138 137 85 213 36 70 50 110 8 207 151 93 118 24 13 45 176 180 18 193 171 77 60 96 
46 96 82 49 110 85 33 49 71 126 81 156 110 23 37 30 53 57 69 54 114 48 65 46 82 49 100 14 28 29 68 24 118 41 110 96 125 38 141 25 33 47 79 32 13 44 65 76 61 43 82 102 107 65 77 26 125 103 44 35 29 123 120 121 80 62 129 97 73 46 62 21 117 
73 110 103 76 132 115 49 82 87 157 93 173 90 9 47 61 32 26 39 26 126 24 78 78 52 79 122 34 53 49 48 46 86 71 141 126 153 58 165 54 32 33 47 10 28 17 95 104 42 22 89 71 126 97 107 33 151 70 56 67 58 152 143 138 48 41 156 65 42 77 92 49 143 32 
15 125 104 69 130 88 67 53 100 122 112 179 146 50 21 19 88 77 85 86 144 62 97 38 98 62 121 26 9 11 72 14 134 58 109 99 134 68 157 49 70 83 104 65 32 76 75 89 97 78 116 118 130 65 83 63 139 125 20 38 14 130 137 146 108 68 138 123 102 54 71 50 131 37 60 
141 43 43 77 16 73 96 96 59 87 59 34 148 142 159 126 135 170 184 148 41 169 70 112 195 83 25 138 140 146 192 141 225 88 79 67 47 88 26 101 115 125 179 137 139 143 72 58 132 135 72 212 20 90 71 112 28 203 164 108 132 53 16 18 171 185 45 187 167 92 77 103 29 125 146 146 
46 118 104 71 132 103 54 67 93 143 102 178 118 19 20 38 58 45 55 54 136 31 86 58 68 69 122 11 26 21 48 19 104 62 128 114 146 60 163 46 47 57 72 35 8 45 85 97 68 48 102 88 129 82 96 43 147 93 29 51 33 143 142 143 76 43 150 91 70 64 81 44 139 22 28 32 147 
131 154 156 135 185 176 105 143 137 219 137 217 83 71 98 122 60 39 33 48 167 55 125 140 23 139 174 94 111 105 58 104 30 131 203 186 211 115 218 115 83 70 17 65 88 55 155 162 64 62 127 22 175 159 168 89 206 8 105 129 117 210 196 184 25 55 214 18 29 139 153 109 199 94 62 116 195 84 
109 35 15 45 16 47 67 63 35 74 43 66 135 112 126 94 111 142 156 123 47 139 48 80 168 50 7 107 107 114 162 109 200 55 61 44 44 58 47 69 88 101 154 109 107 116 41 27 110 109 58 186 20 60 42 84 35 179 131 75 99 47 26 36 148 155 45 165 143 59 46 72 28 94 117 113 32 116 171 
58 133 121 88 149 121 70 84 109 160 117 194 121 26 23 54 63 36 42 55 151 19 101 75 55 87 139 28 40 32 31 33 91 80 145 132 163 77 180 64 59 64 64 41 26 48 103 115 73 53 116 74 145 99 113 56 165 82 30 68 48 161 159 160 71 26 167 84 65 82 99 61 157 39 31 43 164 17 74 133 
110 17 11 42 32 62 54 67 16 95 20 70 113 100 121 92 92 128 141 105 34 127 28 83 152 52 22 99 104 109 150 104 183 54 81 63 67 47 65 63 73 83 136 94 99 100 49 39 91 92 36 169 22 69 55 70 55 161 127 75 97 69 44 36 129 143 68 146 124 61 53 64 49 85 103 111 42 107 153 22 124 
140 75 62 87 36 62 113 95 82 58 87 58 180 157 165 129 158 188 201 170 77 183 94 111 214 88 45 147 144 151 205 147 246 95 55 52 18 103 16 111 135 148 201 155 149 163 73 60 157 156 102 232 50 85 65 129 12 226 168 111 135 25 24 55 195 199 13 212 190 94 77 115 19 136 162 148 36 157 218 47 175 67 
84 88 60 55 63 11 86 46 77 31 89 110 174 118 114 77 133 152 164 142 102 143 86 57 178 48 60 102 93 101 161 98 213 56 15 10 43 76 74 72 108 124 171 122 106 133 34 34 137 128 104 197 73 31 21 99 56 196 116 62 83 37 62 89 169 156 48 186 163 49 35 78 50 95 126 95 77 113 187 54 130 72 61 
87 140 133 105 163 143 80 107 118 183 123 203 103 35 53 80 53 11 13 40 156 10 108 100 26 107 152 52 68 61 21 61 62 99 168 154 182 89 195 82 61 58 37 39 47 38 123 133 62 46 117 45 156 122 135 64 181 53 60 91 75 180 173 169 46 15 186 56 42 104 120 77 173 58 30 72 176 42 45 147 29 134 192 153 
61 119 108 77 137 114 56 78 95 154 102 181 106 10 32 52 48 30 41 41 136 19 87 71 55 78 127 24 41 36 40 34 91 70 139 125 154 64 169 54 43 48 57 25 18 33 94 105 58 38 100 74 132 93 106 41 154 78 41 62 47 152 148 146 61 33 158 76 55 75 91 50 146 29 16 47 152 14 70 121 16 110 165 124 29 
61 96 86 57 115 96 33 63 72 138 79 158 96 13 44 46 38 45 58 38 113 39 64 61 71 60 105 24 41 40 62 36 105 52 122 107 134 41 147 35 22 33 65 17 19 29 76 85 46 28 78 90 110 78 88 19 133 89 53 49 44 133 126 123 64 55 138 81 58 58 73 30 125 15 19 50 129 25 80 99 37 87 144 107 48 22 
166 43 65 99 53 110 106 123 68 129 59 32 129 151 176 149 132 173 186 147 25 176 74 139 196 108 56 154 160 165 200 160 221 110 119 106 89 101 64 119 120 124 175 142 153 144 102 90 127 136 64 210 43 122 105 120 70 197 183 132 154 95 58 27 165 193 87 179 162 118 107 119 71 139 152 168 42 161 191 63 176 56 77 116 181 162 139 
82 68 39 37 48 11 68 37 55 49 68 98 154 105 107 71 115 138 151 125 82 130 65 52 164 33 43 91 86 94 150 90 198 41 33 15 44 58 67 58 90 105 155 106 94 116 17 12 118 111 83 183 56 27 7 82 50 180 110 53 77 41 51 72 151 144 48 169 146 37 20 63 42 82 112 90 64 102 171 36 120 51 58 21 140 111 93 99 
58 89 61 40 75 20 68 20 71 56 85 125 160 94 87 50 114 127 139 120 106 117 77 30 153 29 69 76 66 74 135 71 189 36 41 31 67 60 94 50 88 105 149 100 80 111 23 34 118 107 97 172 81 5 19 79 76 173 89 36 57 62 78 98 147 130 72 165 141 26 20 56 69 70 102 68 91 87 164 61 104 72 83 26 128 98 84 124 27 
157 163 169 152 197 196 122 165 149 238 147 224 74 94 125 146 74 65 61 65 173 82 137 163 51 159 187 119 137 131 86 129 39 151 222 205 226 131 230 135 99 84 38 85 112 74 173 179 74 79 134 43 186 180 186 107 219 22 132 152 142 226 209 193 38 84 229 20 44 159 172 129 212 117 85 142 206 110 28 184 102 165 231 207 73 95 102 195 189 185 
34 117 100 66 128 94 55 58 92 133 102 175 127 30 15 27 68 57 67 65 135 43 86 48 80 63 118 7 14 9 58 7 116 56 118 106 138 59 157 42 53 64 84 44 12 55 78 90 77 57 104 100 125 72 88 46 141 105 23 41 21 135 137 141 87 53 142 103 81 56 74 41 133 21 39 20 143 12 97 111 27 105 151 103 54 27 31 160 94 77 122 
134 13 33 67 31 81 76 91 37 107 31 49 117 122 144 117 108 147 160 122 13 147 45 107 170 76 29 123 128 133 171 128 198 78 95 79 72 70 57 87 92 99 152 114 122 118 71 60 104 110 42 186 17 91 76 91 55 175 151 100 121 77 42 16 143 164 71 159 139 86 76 88 53 108 124 136 31 130 168 34 146 24 66 89 154 132 109 32 70 94 177 129 
55 128 115 82 144 115 64 79 103 155 111 189 118 22 22 49 60 37 45 52 145 21 96 70 58 82 133 23 36 29 36 29 94 74 140 127 158 71 174 58 54 60 65 37 20 45 97 109 70 50 110 77 140 94 108 51 159 84 30 63 44 155 153 154 71 31 162 84 65 77 93 55 151 33 28 40 159 12 76 127 5 118 169 125 32 12 32 171 114 99 103 22 140 
156 52 57 92 31 87 110 111 71 97 69 19 155 156 173 141 146 183 197 160 45 182 82 127 207 98 40 153 154 161 205 156 236 103 91 81 56 101 27 115 128 137 190 150 153 155 87 73 143 147 81 224 33 105 86 125 37 214 178 123 147 63 28 23 182 199 53 198 178 107 92 118 41 139 159 161 15 162 207 47 178 55 42 91 189 165 143 36 78 106 216 158 39 173 
55 96 68 46 81 25 72 23 77 56 91 132 165 96 86 50 117 129 141 123 113 118 83 29 154 35 75 76 65 73 135 71 190 41 42 36 71 65 100 54 92 109 151 102 81 114 30 41 123 110 104 174 88 11 26 83 82 175 87 37 56 66 84 105 150 130 76 168 144 30 26 59 74 72 105 66 97 87 167 68 104 79 88 29 129 99 86 131 33 7 188 77 101 99 112 
171 57 70 105 47 105 119 126 80 115 75 6 154 165 185 155 151 190 204 166 44 191 89 142 214 112 54 164 168 174 215 169 241 116 109 98 74 112 43 127 136 143 195 158 164 162 103 89 147 153 84 230 44 121 102 134 55 218 191 137 160 81 46 29 186 208 71 201 182 121 108 129 59 150 167 174 31 173 211 62 189 65 59 108 197 175 152 26 95 122 218 170 43 183 18 129 
91 93 92 72 121 116 41 86 73 158 75 156 66 32 71 75 8 41 54 16 107 47 62 88 63 79 110 53 71 69 70 65 93 71 142 125 147 51 154 56 19 8 47 16 47 12 93 99 17 3 68 79 112 101 106 27 142 72 80 75 73 147 132 122 41 63 150 59 36 80 92 50 135 44 25 80 132 51 64 107 57 90 154 127 50 41 29 132 109 107 80 60 107 53 144 110 150 
114 89 65 75 54 37 106 73 86 23 96 93 187 144 143 106 153 177 190 163 98 169 97 86 203 72 57 129 122 130 188 126 237 80 20 25 18 96 51 97 128 143 194 145 132 155 56 48 155 149 111 222 68 60 44 121 37 219 145 90 112 11 47 79 190 183 22 207 184 75 59 102 34 121 151 125 64 140 210 53 157 75 36 30 179 150 132 105 39 56 228 131 85 152 74 59 92 148 
138 170 171 148 199 189 119 155 152 231 153 233 98 81 104 131 76 48 38 62 183 61 140 150 25 152 189 103 119 112 58 112 14 144 215 199 225 129 233 127 97 85 32 78 97 69 168 176 80 76 143 10 190 170 180 103 220 12 110 140 126 224 211 200 42 57 228 32 44 150 165 122 213 105 73 123 211 93 16 185 80 168 232 200 51 78 92 207 184 176 33 105 184 83 222 177 227 78 223 
99 48 21 40 26 33 67 53 42 62 52 77 143 109 119 85 112 141 154 124 61 136 53 69 167 42 21 101 99 106 158 102 200 48 48 31 39 57 52 64 89 102 155 108 102 117 29 15 113 110 68 185 34 47 28 83 36 180 123 66 91 40 32 50 149 151 42 167 144 50 34 68 28 89 115 104 43 111 172 14 128 32 47 40 145 118 97 77 22 48 187 105 48 122 58 55 74 108 44 186 
92 45 17 30 33 33 57 46 34 68 46 83 135 99 110 77 103 131 144 114 61 126 45 62 157 33 25 91 90 97 148 93 190 39 53 35 49 47 61 54 79 93 145 98 93 107 23 11 104 100 61 175 36 43 27 73 46 170 115 58 82 49 41 53 140 141 52 157 134 42 28 58 38 79 105 96 49 101 162 17 119 28 57 43 135 108 87 79 22 45 177 96 49 113 64 52 79 98 52 176 10 
87 37 24 23 53 59 29 50 12 99 26 96 104 75 95 69 72 104 117 84 56 101 16 64 129 34 43 74 79 84 125 79 160 33 83 65 80 21 86 38 49 62 115 70 73 77 39 37 72 70 36 146 47 56 50 45 74 140 102 54 73 81 65 61 109 118 82 126 104 43 41 39 67 60 79 87 67 82 132 39 98 25 86 70 109 85 62 80 49 61 146 80 49 92 80 67 90 68 84 146 41 31 
102 83 57 64 51 25 95 61 77 26 88 95 178 132 131 94 142 165 178 152 94 157 88 74 191 60 52 117 110 118 176 114 225 68 15 13 24 85 56 85 117 132 182 134 120 144 44 37 144 138 104 210 64 48 32 110 40 207 133 77 100 18 48 78 178 171 29 196 173 63 47 90 35 109 139 113 64 128 199 47 145 68 42 19 167 138 120 104 27 44 217 119 81 140 76 48 94 137 12 212 36 43 74 
39 90 72 37 99 69 33 33 65 109 77 147 120 40 43 20 65 73 85 69 109 64 62 30 99 34 89 24 26 32 83 26 134 27 94 80 110 33 128 14 42 58 95 47 27 59 50 62 73 57 81 118 97 48 61 33 112 119 49 18 22 108 108 113 95 77 114 112 89 30 46 15 104 16 49 35 115 35 111 83 52 77 122 79 74 45 30 133 67 54 133 28 101 47 129 55 142 58 105 122 76 67 53 93 
109 71 48 62 37 31 91 65 68 38 78 81 170 131 135 98 138 164 177 149 81 157 80 79 190 60 39 119 114 121 178 118 224 67 29 20 16 81 44 84 113 128 179 132 122 141 44 34 139 134 94 209 51 53 34 107 26 204 138 81 105 14 34 64 175 172 20 192 169 65 48 89 21 109 138 118 50 130 196 36 147 58 31 29 166 138 119 91 27 51 212 122 68 142 62 56 80 133 17 210 26 35 67 14 94 
99 124 122 99 151 141 70 108 104 183 106 187 77 36 69 88 30 15 24 16 138 30 93 105 32 103 141 60 79 74 47 72 63 95 167 151 176 80 184 79 48 38 20 29 54 20 119 127 38 28 98 49 143 123 132 54 171 44 78 94 84 175 163 153 23 41 179 38 17 103 117 73 164 59 26 85 163 53 35 137 48 120 183 152 26 38 44 163 136 129 58 65 138 47 175 131 181 31 175 49 137 127 98 163 75 161 
114 143 142 119 171 160 90 126 123 202 125 206 83 53 81 104 48 22 18 34 157 38 112 123 16 123 161 76 94 88 45 86 43 115 186 170 196 100 204 98 68 57 10 49 70 40 139 147 54 47 117 29 162 142 151 74 191 25 88 112 100 195 183 172 22 41 199 27 21 122 136 93 184 77 44 99 183 67 17 157 58 140 203 171 29 52 63 181 155 147 44 79 157 59 194 149 200 50 194 29 157 147 117 183 93 181 20 
145 23 44 78 37 91 87 102 48 114 40 41 120 132 155 128 116 156 169 130 10 157 55 118 179 87 37 134 139 144 181 139 206 89 103 88 77 80 57 98 101 107 160 123 133 127 82 70 112 118 48 194 24 102 86 101 58 183 162 111 133 82 45 13 150 174 75 166 147 97 86 99 57 119 133 147 32 141 176 44 157 35 68 98 163 142 119 21 80 104 183 140 11 151 34 111 35 115 91 192 58 59 60 88 112 75 146 165 
91 59 31 39 37 21 68 45 50 53 61 88 150 108 114 78 115 141 154 126 73 134 60 61 167 37 33 97 93 101 155 97 201 45 38 20 38 58 58 61 91 105 156 109 99 118 22 11 117 112 77 186 46 37 17 84 41 181 117 60 84 37 41 62 152 149 42 170 146 44 27 66 33 87 115 98 53 107 173 26 125 43 50 28 144 116 96 89 10 37 190 100 60 119 68 44 85 110 37 187 12 15 46 27 72 23 138 158 70 
35 109 82 53 99 45 73 26 88 74 102 150 166 86 70 35 113 118 129 117 127 105 91 17 142 42 93 63 49 57 120 56 179 44 62 56 92 68 120 51 89 106 142 95 69 107 44 57 120 105 112 162 104 25 44 80 102 165 69 30 41 87 103 122 143 115 97 160 137 33 40 57 94 63 95 49 116 74 157 85 89 92 108 49 116 88 78 147 52 25 180 62 116 85 131 20 147 106 79 166 72 68 76 68 48 77 122 139 126 62 
94 66 39 46 40 18 76 49 58 45 69 89 158 115 119 82 123 148 161 133 79 141 68 64 174 43 37 102 97 105 161 101 208 51 30 13 32 66 56 68 98 113 164 116 105 125 27 18 125 119 84 193 50 38 19 91 38 189 122 64 89 30 41 66 160 155 36 177 154 49 31 73 31 93 122 102 55 113 181 31 131 50 46 23 150 122 103 93 11 37 198 105 66 125 69 43 86 118 30 194 17 23 54 19 78 16 145 165 74 8 63 
114 117 120 102 148 145 71 115 100 187 100 179 57 50 87 100 24 35 42 15 129 50 88 115 46 108 138 75 93 89 67 86 68 100 171 154 176 81 181 85 49 34 21 37 68 25 123 129 26 28 89 57 138 130 136 57 170 44 96 103 97 176 160 146 13 61 178 30 8 109 121 79 163 70 40 100 158 68 37 135 67 116 182 156 46 55 54 153 139 135 50 80 130 65 169 139 173 29 177 53 136 127 96 166 85 162 20 29 138 139 133 147 
111 51 30 54 19 39 80 65 51 59 59 68 152 123 133 98 125 154 168 137 61 150 63 82 180 56 19 114 112 120 172 115 213 62 47 34 28 70 38 78 102 115 168 121 116 130 42 28 125 123 75 198 31 58 38 96 22 193 137 80 104 30 20 45 162 165 29 179 157 63 47 81 14 103 129 118 33 125 185 16 142 39 33 44 158 131 110 72 30 58 199 119 48 136 48 64 65 121 37 199 13 23 53 33 90 20 150 170 55 20 83 21 149 
129 9 37 63 48 88 64 90 28 119 16 67 97 108 134 111 90 130 143 104 18 132 32 105 153 74 42 112 120 124 156 119 180 74 106 89 88 59 77 79 76 81 133 98 110 101 73 64 86 93 22 168 34 93 81 77 73 157 142 95 114 91 59 36 124 149 88 140 121 83 77 78 69 97 108 128 51 119 150 45 133 25 84 97 138 118 96 43 76 97 157 119 20 128 59 103 61 89 99 166 57 54 41 93 93 81 120 139 26 68 116 75 112 61 
50 75 51 17 75 42 38 11 52 83 66 125 131 66 68 34 83 99 112 90 93 91 54 24 125 8 66 51 48 55 110 51 160 7 67 53 83 31 103 20 57 74 119 70 54 81 23 35 88 76 75 144 76 24 34 48 86 143 73 16 40 80 83 93 117 105 87 135 111 4 19 26 78 43 73 54 92 62 135 59 80 59 96 52 101 72 54 116 39 30 155 55 84 74 106 34 121 76 78 147 50 42 40 66 27 67 99 118 95 45 37 50 105 64 80 
97 151 145 117 175 155 92 119 129 195 134 215 108 47 61 91 62 19 9 48 167 22 119 112 17 119 164 64 78 71 18 71 52 111 180 166 194 101 207 94 73 68 37 51 59 48 135 145 70 56 128 35 168 134 147 75 193 46 67 103 86 192 186 180 48 15 198 54 45 116 132 89 185 70 42 82 188 53 40 159 38 146 204 165 12 41 60 192 152 139 68 64 165 42 201 140 209 60 191 42 157 147 121 179 86 179 32 27 174 156 127 162 51 171 149 113 
108 98 102 86 130 130 55 103 82 172 81 161 51 47 86 92 9 45 56 16 111 56 70 105 62 94 120 70 88 86 77 82 86 86 156 139 159 65 163 72 34 17 40 31 64 22 108 112 7 18 71 75 119 117 121 43 152 63 95 92 91 159 142 128 31 71 161 48 27 96 107 67 145 62 39 96 140 66 56 117 70 98 164 142 56 55 47 135 123 122 67 76 112 67 150 126 155 17 161 72 119 110 78 150 75 145 31 46 119 123 123 131 18 131 93 92 64 
82 42 21 15 50 48 34 42 20 88 34 96 114 78 94 65 79 109 122 91 61 105 26 57 134 26 39 74 77 82 128 77 167 26 73 54 72 24 81 36 56 69 122 75 74 84 28 26 81 77 46 152 46 46 39 50 67 147 100 48 70 72 60 62 116 121 75 134 111 35 31 38 60 60 83 84 64 82 139 34 99 27 79 60 113 87 65 84 39 51 154 79 51 94 79 57 91 75 74 153 33 23 10 64 50 58 104 124 63 36 68 44 103 46 48 32 125 87 
28 111 93 58 120 84 51 48 86 123 97 168 129 36 23 17 71 66 76 70 130 52 82 38 89 54 110 11 8 10 68 5 125 48 108 96 129 54 149 35 53 67 92 49 17 61 68 81 80 61 100 109 118 62 78 46 132 113 28 32 12 125 128 134 94 63 133 110 88 47 64 35 124 20 45 17 136 21 105 103 37 98 142 93 63 35 33 154 85 67 130 10 123 32 150 67 163 63 122 114 96 87 74 109 21 112 72 87 134 91 53 96 86 110 114 46 74 80 72 
